3 2
0 0 0 0 0 0 0 0 0 0 0
0 370 0 0 0 0 0 0 0 0 0
0 328 0 0 0 0 0 0 0 0 0
0 750 0 0 0 0 0 0 0 0 0 
0 930 0 0 0 0 0 0 0 0 0 
0 604 0 0 0 0 0 0 0 0 0 
0 732 0 0 0 0 0 0 0 0 0 
0 159 0 0 0 0 0 0 0 0 0 
0 167 0 0 0 0 0 0 0 0 0 
0 945 0 0 0 0 0 0 0 0 0 
0 210 0 0 0 0 0 0 0 0 0 
2 1
0 0 0 0 0 0 0 0 0 0 0 
0 370 0 0 0 0 0 0 0 0 0 
0 328 1078 750 750 0 0 0 0 0 0 
0 750 0 0 0 0 0 0 0 0 0 
0 930 0 0 0 0 0 0 0 0 0 
0 604 0 0 0 0 0 0 0 0 0 
0 732 0 0 0 0 0 0 0 0 0 
0 159 0 0 0 0 0 0 0 0 0 
0 167 0 0 0 0 0 0 0 0 0 
0 945 0 0 0 0 0 0 0 0 0 
0 210 0 0 0 0 0 0 0 0 0 
9 6
0 0 0 0 0 0 0 0 0 0 0 
0 370 0 0 0 0 0 0 0 0 0 
0 328 1078 750 750 0 0 0 0 0 0 
0 750 0 0 0 0 0 0 0 0 0 
0 930 0 0 0 0 0 0 0 0 0 
0 604 0 0 0 0 0 0 0 0 0 
0 732 0 0 0 0 0 0 0 0 0 
0 159 0 0 0 0 0 0 0 0 0 
0 167 0 0 0 0 0 0 0 0 0 
0 945 0 0 0 0 0 0 0 0 0 
0 210 0 0 0 0 0 0 0 0 0 
6 4
0 0 0 0 0 0 0 0 0 0 0 
0 370 0 0 0 0 0 0 0 0 0 
0 328 1078 750 750 0 0 0 0 0 0 
0 750 0 0 0 0 0 0 0 0 0 
0 930 0 0 0 0 0 0 0 0 0 
0 604 0 0 0 0 0 0 0 0 0 
0 732 1677 945 945 0 0 0 0 0 0 
0 159 0 0 0 0 0 0 0 0 0 
0 167 0 0 0 0 0 0 0 0 0 
0 945 0 0 0 0 0 0 0 0 0 
0 210 0 0 0 0 0 0 0 0 0 
7 4
0 0 0 0 0 0 0 0 0 0 0 
0 370 0 0 0 0 0 0 0 0 0 
0 328 1078 750 750 0 0 0 0 0 0 
0 750 0 0 0 0 0 0 0 0 0 
0 930 0 0 0 0 0 0 0 0 0 
0 604 0 0 0 0 0 0 0 0 0 
0 732 1677 945 945 0 0 0 0 0 0 
0 159 0 0 0 0 0 0 0 0 0 
0 167 0 0 0 0 0 0 0 0 0 
0 945 0 0 0 0 0 0 0 0 0 
0 210 0 0 0 0 0 0 0 0 0 
8 4
0 0 0 0 0 0 0 0 0 0 0 
0 370 0 0 0 0 0 0 0 0 0 
0 328 1078 750 750 0 0 0 0 0 0 
0 750 0 0 0 0 0 0 0 0 0 
0 930 0 0 0 0 0 0 0 0 0 
0 604 0 0 0 0 0 0 0 0 0 
0 732 1677 945 945 0 0 0 0 0 0 
0 159 0 0 0 0 0 0 0 0 0 
0 167 0 0 0 0 0 0 0 0 0 
0 945 0 0 0 0 0 0 0 0 0 
0 210 0 0 0 0 0 0 0 0 0 
4 1
0 0 0 0 0 0 0 0 0 0 0 
0 370 0 0 0 0 0 0 0 0 0 
0 328 1078 750 750 0 0 0 0 0 0 
0 750 0 0 0 0 0 0 0 0 0 
0 930 1662 2607 2774 0 0 0 0 0 0 
0 604 0 0 0 0 0 0 0 0 0 
0 732 1677 945 945 0 0 0 0 0 0 
0 159 0 0 0 0 0 0 0 0 0 
0 167 0 0 0 0 0 0 0 0 0 
0 945 0 0 0 0 0 0 0 0 0 
0 210 0 0 0 0 0 0 0 0 0 
10 5
0 0 0 0 0 0 0 0 0 0 0 
0 370 0 0 0 0 0 0 0 0 0 
0 328 1078 750 750 0 0 0 0 0 0 
0 750 0 0 0 0 0 0 0 0 0 
0 930 1662 2607 2774 0 0 0 0 0 0 
0 604 0 0 0 0 0 0 0 0 0 
0 732 1677 945 945 0 0 0 0 0 0 
0 159 0 0 0 0 0 0 0 0 0 
0 167 0 0 0 0 0 0 0 0 0 
0 945 0 0 0 0 0 0 0 0 0 
0 210 0 0 0 0 0 0 0 0 0 
5 1
0 0 0 0 0 0 0 0 0 0 0 
0 370 0 0 0 0 0 0 0 0 0 
0 328 1078 750 750 0 0 0 0 0 0 
0 750 0 0 0 0 0 0 0 0 0 
0 930 1662 2607 2774 0 0 0 0 0 0 
0 604 814 210 210 0 0 0 0 0 0 
0 732 1677 945 945 0 0 0 0 0 0 
0 159 0 0 0 0 0 0 0 0 0 
0 167 0 0 0 0 0 0 0 0 0 
0 945 0 0 0 0 0 0 0 0 0 
0 210 0 0 0 0 0 0 0 0 0 
1 -1
0 0 0 0 0 0 0 0 0 0 0 
0 370 1300 2032 2977 0 0 0 0 0 0 
0 328 1078 750 750 0 0 0 0 0 0 
0 750 0 0 0 0 0 0 0 0 0 
0 930 1662 2607 2774 0 0 0 0 0 0 
0 604 814 210 210 0 0 0 0 0 0 
0 732 1677 945 945 0 0 0 0 0 0 
0 159 0 0 0 0 0 0 0 0 0 
0 167 0 0 0 0 0 0 0 0 0 
0 945 0 0 0 0 0 0 0 0 0 
0 210 0 0 0 0 0 0 0 0 0 
2977
